,ماه,تقاضا(تولید),روزهای کاری هرماه,تعداد تولید روزانه ماه ,نفرات مورد نیاز,نفرات مورد نیاز رند شده,استخدام نفرات,بازخرید نفرات,هزینه استخدام ,هزینه باز خرید,نفرات مورد نیاز * تعداد روزهای کاری,هزینه حقوق و دستمزد,هزینه انبارداری,هزینه کل
0,1,18000.0,22,818.1818181818181,68.18181818181817,69.0,,31.0,,62000.0,1518.0,455400.0,متوسط موجودی سالانه * هزینه انبارداری هر کالا در ماه,هزینه استخدام + هزینه بازخرید + هزینه حقوق و دستمزد + هزینه انبارداری
1,2,12000.0,19,631.578947368421,52.63157894736842,53.0,,16.0,,32000.0,1007.0,302100.0,,
2,3,18000.0,21,857.1428571428571,71.42857142857143,72.0,19,,57000,,1512.0,453600.0,,
3,4,20000.0,22,909.0909090909091,75.75757575757576,76.0,4,,12000,,1672.0,501600.0,,
4,5,28000.0,21,1333.3333333333333,111.1111111111111,112.0,36,,108000,,2352.0,705600.0,,
5,6,25000.0,21,1190.4761904761904,99.2063492063492,100.0,,12.0,,24000.0,2100.0,630000.0,,
6,7,26000.0,22,1181.8181818181818,98.48484848484848,99.0,,1.0,,2000.0,2178.0,653400.0,,
7,8,16000.0,11,1454.5454545454545,121.2121212121212,122.0,23,,69000,,1342.0,402600.0,,
8,9,18000.0,21,857.1428571428571,71.42857142857143,72.0,,50.0,,100000.0,1512.0,453600.0,,
9,10,14000.0,22,636.3636363636364,53.03030303030303,53.0,,19.0,,38000.0,1166.0,349800.0,,
10,11,9000.0,18,500.0,41.666666666666664,42.0,,11.0,,22000.0,756.0,226800.0,,
11,12,7000.0,21,333.3333333333333,27.777777777777775,28.0,,14.0,,28000.0,588.0,176400.0,,
12,جمع کل,,,,,,82,154.0,246000,308000.0,17703.0,5310900.0,1200000,7064900
13,,,,,,,,,,,,,,
14,تعداد کارکنان موجود,100.0,تولید روزانه هر نفر,12.0,هزینه استخدام هر نفر,3000.0,هزینه دستمزد روزانه,300.0,متوسط موجودی سالیانه,5000.0,,,,
15,,,هزینه انبار داری کالا ماه,20.0, هزینه بازخرید هر نفر,2000.0,,,,,,,,
